(self.webpackChunknhm_tests=self.webpackChunknhm_tests||[]).push([[895],{7324:e=>{e.exports=function(e,t,n,i){var r=n?n.call(i,e,t):void 0;if(void 0!==r)return!!r;if(e===t)return!0;if("object"!==typeof e||!e||"object"!==typeof t||!t)return!1;var a=Object.keys(e),s=Object.keys(t);if(a.length!==s.length)return!1;for(var o=Object.prototype.hasOwnProperty.bind(t),l=0;l<a.length;l++){var c=a[l];if(!o(c))return!1;var h=e[c],u=t[c];if(!1===(r=n?n.call(i,h,u,c):void 0)||void 0===r&&h!==u)return!1}return!0}},895:(e,t,n)=>{"use strict";n.r(t),n.d(t,{emulate:()=>q_});var i=1e-6,r="undefined"!==typeof Float32Array?Float32Array:Array;Math.random;Math.PI;function a(){var e=new r(16);return r!=Float32Array&&(e[1]=0,e[2]=0,e[3]=0,e[4]=0,e[6]=0,e[7]=0,e[8]=0,e[9]=0,e[11]=0,e[12]=0,e[13]=0,e[14]=0),e[0]=1,e[5]=1,e[10]=1,e[15]=1,e}function s(e){var t=new r(16);return t[0]=e[0],t[1]=e[1],t[2]=e[2],t[3]=e[3],t[4]=e[4],t[5]=e[5],t[6]=e[6],t[7]=e[7],t[8]=e[8],t[9]=e[9],t[10]=e[10],t[11]=e[11],t[12]=e[12],t[13]=e[13],t[14]=e[14],t[15]=e[15],t}function o(e,t){return e[0]=t[0],e[1]=t[1],e[2]=t[2],e[3]=t[3],e[4]=t[4],e[5]=t[5],e[6]=t[6],e[7]=t[7],e[8]=t[8],e[9]=t[9],e[10]=t[10],e[11]=t[11],e[12]=t[12],e[13]=t[13],e[14]=t[14],e[15]=t[15],e}function l(e,t){var n=t[0],i=t[1],r=t[2],a=t[3],s=t[4],o=t[5],l=t[6],c=t[7],h=t[8],u=t[9],d=t[10],p=t[11],f=t[12],m=t[13],g=t[14],v=t[15],_=n*o-i*s,x=n*l-r*s,y=n*c-a*s,S=i*l-r*o,M=i*c-a*o,b=r*c-a*l,E=h*m-u*f,w=h*g-d*f,T=h*v-p*f,A=u*g-d*m,R=u*v-p*m,C=d*v-p*g,P=_*C-x*R+y*A+S*T-M*w+b*E;return P?(P=1/P,e[0]=(o*C-l*R+c*A)*P,e[1]=(r*R-i*C-a*A)*P,e[2]=(m*b-g*M+v*S)*P,e[3]=(d*M-u*b-p*S)*P,e[4]=(l*T-s*C-c*w)*P,e[5]=(n*C-r*T+a*w)*P,e[6]=(g*y-f*b-v*x)*P,e[7]=(h*b-d*y+p*x)*P,e[8]=(s*R-o*T+c*E)*P,e[9]=(i*T-n*R-a*E)*P,e[10]=(f*M-m*y+v*_)*P,e[11]=(u*y-h*M-p*_)*P,e[12]=(o*w-s*A-l*E)*P,e[13]=(n*A-i*w+r*E)*P,e[14]=(m*x-f*S-g*_)*P,e[15]=(h*S-u*x+d*_)*P,e):null}function c(e,t,n){var i=t[0],r=t[1],a=t[2],s=t[3],o=t[4],l=t[5],c=t[6],h=t[7],u=t[8],d=t[9],p=t[10],f=t[11],m=t[12],g=t[13],v=t[14],_=t[15],x=n[0],y=n[1],S=n[2],M=n[3];return e[0]=x*i+y*o+S*u+M*m,e[1]=x*r+y*l+S*d+M*g,e[2]=x*a+y*c+S*p+M*v,e[3]=x*s+y*h+S*f+M*_,x=n[4],y=n[5],S=n[6],M=n[7],e[4]=x*i+y*o+S*u+M*m,e[5]=x*r+y*l+S*d+M*g,e[6]=x*a+y*c+S*p+M*v,e[7]=x*s+y*h+S*f+M*_,x=n[8],y=n[9],S=n[10],M=n[11],e[8]=x*i+y*o+S*u+M*m,e[9]=x*r+y*l+S*d+M*g,e[10]=x*a+y*c+S*p+M*v,e[11]=x*s+y*h+S*f+M*_,x=n[12],y=n[13],S=n[14],M=n[15],e[12]=x*i+y*o+S*u+M*m,e[13]=x*r+y*l+S*d+M*g,e[14]=x*a+y*c+S*p+M*v,e[15]=x*s+y*h+S*f+M*_,e}function h(e,t){return e[0]=1,e[1]=0,e[2]=0,e[3]=0,e[4]=0,e[5]=1,e[6]=0,e[7]=0,e[8]=0,e[9]=0,e[10]=1,e[11]=0,e[12]=t[0],e[13]=t[1],e[14]=t[2],e[15]=1,e}function u(e,t,n){var i=t[0],r=t[1],a=t[2],s=t[3],o=i+i,l=r+r,c=a+a,h=i*o,u=i*l,d=i*c,p=r*l,f=r*c,m=a*c,g=s*o,v=s*l,_=s*c;return e[0]=1-(p+m),e[1]=u+_,e[2]=d-v,e[3]=0,e[4]=u-_,e[5]=1-(h+m),e[6]=f+g,e[7]=0,e[8]=d+v,e[9]=f-g,e[10]=1-(h+p),e[11]=0,e[12]=n[0],e[13]=n[1],e[14]=n[2],e[15]=1,e}function d(e,t){return e[0]=t[12],e[1]=t[13],e[2]=t[14],e}function p(e,t){var n=t[0],i=t[1],r=t[2],a=t[4],s=t[5],o=t[6],l=t[8],c=t[9],h=t[10];return e[0]=Math.hypot(n,i,r),e[1]=Math.hypot(a,s,o),e[2]=Math.hypot(l,c,h),e}function f(e,t){var n=new r(3);p(n,t);var i=1/n[0],a=1/n[1],s=1/n[2],o=t[0]*i,l=t[1]*a,c=t[2]*s,h=t[4]*i,u=t[5]*a,d=t[6]*s,f=t[8]*i,m=t[9]*a,g=t[10]*s,v=o+u+g,_=0;return v>0?(_=2*Math.sqrt(v+1),e[3]=.25*_,e[0]=(d-m)/_,e[1]=(f-c)/_,e[2]=(l-h)/_):o>u&&o>g?(_=2*Math.sqrt(1+o-u-g),e[3]=(d-m)/_,e[0]=.25*_,e[1]=(l+h)/_,e[2]=(f+c)/_):u>g?(_=2*Math.sqrt(1+u-o-g),e[3]=(f-c)/_,e[0]=(l+h)/_,e[1]=.25*_,e[2]=(d+m)/_):(_=2*Math.sqrt(1+g-o-u),e[3]=(l-h)/_,e[0]=(f+c)/_,e[1]=(d+m)/_,e[2]=.25*_),e}Math.hypot||(Math.hypot=function(){for(var e=0,t=arguments.length;t--;)e+=arguments[t]*arguments[t];return Math.sqrt(e)});var m=function(e,t,n,i,r){var a,s=1/Math.tan(t/2);return e[0]=s/n,e[1]=0,e[2]=0,e[3]=0,e[4]=0,e[5]=s,e[6]=0,e[7]=0,e[8]=0,e[9]=0,e[11]=-1,e[12]=0,e[13]=0,e[15]=0,null!=r&&r!==1/0?(a=1/(i-r),e[10]=(r+i)*a,e[14]=2*r*i*a):(e[10]=-1,e[14]=-2*i),e};function g(){var e=new r(3);return r!=Float32Array&&(e[0]=0,e[1]=0,e[2]=0),e}function v(e,t,n){var i=new r(3);return i[0]=e,i[1]=t,i[2]=n,i}function _(e,t){return e[0]=t[0],e[1]=t[1],e[2]=t[2],e}function x(e,t){var n=t[0],i=t[1],r=t[2],a=n*n+i*i+r*r;return a>0&&(a=1/Math.sqrt(a)),e[0]=t[0]*a,e[1]=t[1]*a,e[2]=t[2]*a,e}function y(e,t){return e[0]*t[0]+e[1]*t[1]+e[2]*t[2]}function S(e,t,n){var i=t[0],r=t[1],a=t[2],s=n[0],o=n[1],l=n[2];return e[0]=r*l-a*o,e[1]=a*s-i*l,e[2]=i*o-r*s,e}function M(e,t,n,i){var r=t[0],a=t[1],s=t[2];return e[0]=r+i*(n[0]-r),e[1]=a+i*(n[1]-a),e[2]=s+i*(n[2]-s),e}var b=function(e){var t=e[0],n=e[1],i=e[2];return Math.hypot(t,n,i)};!function(){var e=g()}();const E=Symbol("@immersive-web-emulation-runtime/xr-space");class w extends EventTarget{constructor(e,t){super(),this[E]={parentSpace:e,offsetMatrix:t?s(t):a(),emulated:!0}}}class T extends w{constructor(){super(void 0,a())}}class A{static updateOffsetPosition(e,t){h(e[E].offsetMatrix,t)}static updateOffsetQuaternion(e,t){const n=e[E].offsetMatrix,i=g();d(i,n),u(n,t,i)}static updateOffsetMatrix(e,t){o(e[E].offsetMatrix,t)}static calculateGlobalOffsetMatrix(e){let t=arguments.length>1&&void 0!==arguments[1]?arguments[1]:a();return c(t,e[E].parentSpace?A.calculateGlobalOffsetMatrix(e[E].parentSpace):a(),e[E].offsetMatrix),t}}!function(){var e=function(){var e=new r(4);return r!=Float32Array&&(e[0]=0,e[1]=0,e[2]=0,e[3]=0),e}()}();function R(){var e=new r(4);return r!=Float32Array&&(e[0]=0,e[1]=0,e[2]=0),e[3]=1,e}function C(e,t,n){n*=.5;var i=Math.sin(n);return e[0]=i*t[0],e[1]=i*t[1],e[2]=i*t[2],e[3]=Math.cos(n),e}function P(e,t,n){var i=t[0],r=t[1],a=t[2],s=t[3],o=n[0],l=n[1],c=n[2],h=n[3];return e[0]=i*h+s*o+r*c-a*l,e[1]=r*h+s*l+a*o-i*c,e[2]=a*h+s*c+i*l-r*o,e[3]=s*h-i*o-r*l-a*c,e}function L(e,t,n,r){var a,s,o,l,c,h=t[0],u=t[1],d=t[2],p=t[3],f=n[0],m=n[1],g=n[2],v=n[3];return(s=h*f+u*m+d*g+p*v)<0&&(s=-s,f=-f,m=-m,g=-g,v=-v),1-s>i?(a=Math.acos(s),o=Math.sin(a),l=Math.sin((1-r)*a)/o,c=Math.sin(r*a)/o):(l=1-r,c=r),e[0]=l*h+c*f,e[1]=l*u+c*m,e[2]=l*d+c*g,e[3]=l*p+c*v,e}var I=function(e,t,n,i){var a=new r(4);return a[0]=e,a[1]=t,a[2]=n,a[3]=i,a},D=function(e,t){return e[0]=t[0],e[1]=t[1],e[2]=t[2],e[3]=t[3],e},N=function(e,t,n,i,r){return e[0]=t,e[1]=n,e[2]=i,e[3]=r,e},O=function(e,t){var n=t[0],i=t[1],r=t[2],a=t[3],s=n*n+i*i+r*r+a*a;return s>0&&(s=1/Math.sqrt(s)),e[0]=n*s,e[1]=i*s,e[2]=r*s,e[3]=a*s,e};(function(){var e=g(),t=v(1,0,0),n=v(0,1,0)})(),function(){var e=R(),t=R()}(),function(){var e=function(){var e=new r(9);return r!=Float32Array&&(e[1]=0,e[2]=0,e[3]=0,e[5]=0,e[6]=0,e[7]=0),e[0]=1,e[4]=1,e[8]=1,e}()}();class U{constructor(){let e=arguments.length>0&&void 0!==arguments[0]?arguments[0]:0,t=arguments.length>1&&void 0!==arguments[1]?arguments[1]:0,n=arguments.length>2&&void 0!==arguments[2]?arguments[2]:0;this.vec3=v(e,t,n),this.tempVec3=g()}get x(){return this.vec3[0]}set x(e){this.vec3[0]=e}get y(){return this.vec3[1]}set y(e){this.vec3[1]=e}get z(){return this.vec3[2]}set z(e){this.vec3[2]=e}set(e,t,n){return function(e,t,n,i){e[0]=t,e[1]=n,e[2]=i}(this.vec3,e,t,n),this}clone(){return new U(this.x,this.y,this.z)}copy(e){return this.x=e.x,this.y=e.y,this.z=e.z,this}round(){return this.x=Math.round(this.x),this.y=Math.round(this.y),this.z=Math.round(this.z),this}normalize(){return _(this.tempVec3,this.vec3),x(this.vec3,this.tempVec3),this}add(e){return _(this.tempVec3,this.vec3),function(e,t,n){e[0]=t[0]+n[0],e[1]=t[1]+n[1],e[2]=t[2]+n[2]}(this.vec3,this.tempVec3,e.vec3),this}applyQuaternion(e){return _(this.tempVec3,this.vec3),function(e,t,n){var i=n[0],r=n[1],a=n[2],s=n[3],o=t[0],l=t[1],c=t[2],h=r*c-a*l,u=a*o-i*c,d=i*l-r*o,p=r*d-a*u,f=a*h-i*d,m=i*u-r*h,g=2*s;h*=g,u*=g,d*=g,p*=2,f*=2,m*=2,e[0]=o+h+p,e[1]=l+u+f,e[2]=c+d+m}(this.vec3,this.tempVec3,e.quat),this}}class F{constructor(){let e=arguments.length>0&&void 0!==arguments[0]?arguments[0]:0,t=arguments.length>1&&void 0!==arguments[1]?arguments[1]:0,n=arguments.length>2&&void 0!==arguments[2]?arguments[2]:0,i=arguments.length>3&&void 0!==arguments[3]?arguments[3]:1;this.quat=I(e,t,n,i),this.tempQuat=R()}get x(){return this.quat[0]}set x(e){this.quat[0]=e}get y(){return this.quat[1]}set y(e){this.quat[1]=e}get z(){return this.quat[2]}set z(e){this.quat[2]=e}get w(){return this.quat[3]}set w(e){this.quat[3]=e}set(e,t,n,i){return N(this.quat,e,t,n,i),this}clone(){return new F(this.x,this.y,this.z,this.w)}copy(e){return N(this.quat,e.x,e.y,e.z,e.w),this}normalize(){return D(this.tempQuat,this.quat),O(this.quat,this.tempQuat),this}invert(){return D(this.tempQuat,this.quat),function(e,t){e[0]=-t[0],e[1]=-t[1],e[2]=-t[2],e[3]=t[3]}(this.quat,this.tempQuat),this}multiply(e){return D(this.tempQuat,this.quat),P(this.quat,this.tempQuat,e.quat),this}setFromAxisAngle(e,t){return C(this.quat,e.vec3,t),this}}const k=Symbol("@immersive-web-emulation-runtime/gamepad");var z,B,V;!function(e){e.None="",e.Standard="standard",e.XRStandard="xr-standard"}(z||(z={}));class H{constructor(e,t){this[k]={type:e,eventTrigger:t,pressed:!1,touched:!1,value:0,lastFrameValue:0,pendingValue:null}}get pressed(){return"manual"===this[k].type?this[k].pressed:this[k].value>0}get touched(){return"manual"===this[k].type?this[k].touched:this[k].touched||this.pressed}get value(){return this[k].value}}class G{constructor(){this.pressed=!1,this.touched=!1,this.value=0}}class W{constructor(e){let t=arguments.length>1&&void 0!==arguments[1]?arguments[1]:"",n=arguments.length>2&&void 0!==arguments[2]?arguments[2]:-1;this[k]={id:t,index:n,connected:!1,timestamp:performance.now(),mapping:e.mapping,buttonsMap:{},buttonsSequence:[],axesMap:{},axesSequence:[],hapticActuators:[]},e.buttons.forEach((e=>{var t;null===e?this[k].buttonsSequence.push(null):(this[k].buttonsSequence.push(e.id),this[k].buttonsMap[e.id]=new H(e.type,null!==(t=e.eventTrigger)&&void 0!==t?t:null))})),e.axes.forEach((e=>{null===e?this[k].axesSequence.push(null):(this[k].axesSequence.push(e.id+e.type),this[k].axesMap[e.id]||(this[k].axesMap[e.id]={x:0,y:0}))}))}get id(){return this[k].id}get index(){return this[k].index}get connected(){return this[k].connected}get timestamp(){return this[k].timestamp}get mapping(){return this[k].mapping}get axes(){const e=[];return this[k].axesSequence.forEach((t=>{if(null===t)e.push(null);else{const n=t.substring(0,t.length-6),i=t.substring(t.length-6);e.push("y-axis"===i?this[k].axesMap[n].y:this[k].axesMap[n].x)}})),e}get buttons(){return this[k].buttonsSequence.map((e=>null===e?new G:this[k].buttonsMap[e]))}get hapticActuators(){return this[k].hapticActuators}get vibrationActuator(){return null}}!function(e){e.None="none",e.Left="left",e.Right="right"}(B||(B={})),function(e){e.Gaze="gaze",e.TrackedPointer="tracked-pointer",e.Screen="screen",e.TransientPointer="transient-pointer"}(V||(V={}));class j extends Array{}const X=Symbol("@immersive-web-emulation-runtime/xr-input-source");class q{constructor(e,t,n,i,r,a,s){this[X]={handedness:e,targetRayMode:t,targetRaySpace:i,gripSpace:a,profiles:n,gamepad:r,hand:s}}get handedness(){return this[X].handedness}get targetRayMode(){return this[X].targetRayMode}get targetRaySpace(){return this[X].targetRaySpace}get gripSpace(){return this[X].gripSpace}get profiles(){return this[X].profiles}get gamepad(){return this[X].gamepad}get hand(){return this[X].hand}}class Y extends Event{constructor(e,t){if(super(e,t),!t.frame)throw new Error("XRInputSourceEventInit.frame is required");if(!t.inputSource)throw new Error("XRInputSourceEventInit.inputSource is required");this.frame=t.frame,this.inputSource=t.inputSource}}const K=Symbol("@immersive-web-emulation-runtime/xr-tracked-input"),Z={[B.Left]:{position:new U(-.25,1.5,-.4),quaternion:new F},[B.Right]:{position:new U(.25,1.5,-.4),quaternion:new F},[B.None]:{position:new U(.25,1.5,-.4),quaternion:new F}};class ${constructor(e){this[K]={inputSource:e,position:Z[e.handedness].position.clone(),quaternion:Z[e.handedness].quaternion.clone(),connected:!0,lastFrameConnected:!1,inputSourceChanged:!0}}get position(){return this[K].position}get quaternion(){return this[K].quaternion}get inputSource(){return this[K].inputSource}get connected(){return this[K].connected}set connected(e){this[K].connected=e,this[K].inputSource.gamepad[k].connected=e}onFrameStart(e){u(this[K].inputSource.targetRaySpace[E].offsetMatrix,this[K].quaternion.quat,this[K].position.vec3);const t=e.session;this[K].inputSource.gamepad.buttons.forEach((n=>{n instanceof H&&(n[k].lastFrameValue=n[k].value,null!=n[k].pendingValue&&(n[k].value=n[k].pendingValue,n[k].pendingValue=null),null!=n[k].eventTrigger&&(0===n[k].lastFrameValue&&n[k].value>0?(t.dispatchEvent(new Y(n[k].eventTrigger,{frame:e,inputSource:this[K].inputSource})),t.dispatchEvent(new Y(n[k].eventTrigger+"start",{frame:e,inputSource:this[K].inputSource}))):n[k].lastFrameValue>0&&0===n[k].value&&t.dispatchEvent(new Y(n[k].eventTrigger+"end",{frame:e,inputSource:this[K].inputSource}))))})),this[K].inputSourceChanged=this.connected!==this[K].lastFrameConnected,this[K].lastFrameConnected=this.connected}}const Q=Symbol("@immersive-web-emulation-runtime/xr-controller");class J extends ${constructor(e,t,n){if(!e.layout[t])throw new DOMException("Handedness not supported","InvalidStateError");const i=new w(n),r=e.layout[t].gripOffsetMatrix?new w(i,e.layout[t].gripOffsetMatrix):void 0,a=[e.profileId,...e.fallbackProfileIds];super(new q(t,V.TrackedPointer,a,i,new W(e.layout[t].gamepad),r)),this[Q]={gamepadConfig:e.layout[t].gamepad}}get gamepadConfig(){return this[Q].gamepadConfig}updateButtonValue(e,t){if(t>1||t<0)return void console.warn(`Out-of-range value ${t} provided for button ${e}.`);const n=this[K].inputSource.gamepad[k].buttonsMap[e];if(n){if("binary"===n[k].type&&1!=t&&0!=t)return void console.warn(`Non-binary value ${t} provided for binary button ${e}.`);n[k].pendingValue=t}else console.warn(`Current controller does not have button ${e}.`)}updateButtonTouch(e,t){const n=this[K].inputSource.gamepad[k].buttonsMap[e];n?n[k].touched=t:console.warn(`Current controller does not have button ${e}.`)}updateAxis(e,t,n){if(n>1||n<-1)return void console.warn(`Out-of-range value ${n} provided for ${e} axes.`);const i=this[K].inputSource.gamepad[k].axesMap[e];i?"x-axis"===t?i.x=n:"y-axis"===t&&(i.y=n):console.warn(`Current controller does not have ${e} axes.`)}updateAxes(e,t,n){if(t>1||t<-1||n>1||n<-1)return void console.warn(`Out-of-range value x:${t}, y:${n} provided for ${e} axes.`);const i=this[K].inputSource.gamepad[k].axesMap[e];i?(i.x=t,i.y=n):console.warn(`Current controller does not have ${e} axes.`)}}const ee=Symbol("@immersive-web-emulation-runtime/xr-view");var te;!function(e){e.None="none",e.Left="left",e.Right="right"}(te||(te={}));class ne{constructor(e,t,n,i){this[ee]={eye:e,projectionMatrix:t,transform:n,recommendedViewportScale:null,requestedViewportScale:1,session:i}}get eye(){return this[ee].eye}get projectionMatrix(){return this[ee].projectionMatrix}get transform(){return this[ee].transform}get recommendedViewportScale(){return this[ee].recommendedViewportScale}requestViewportScale(e){null===e||e<=0||e>1?console.warn("Invalid scale value. Scale must be > 0 and <= 1."):this[ee].requestedViewportScale=e}}const ie=Symbol("@immersive-web-emulation-runtime/xr-joint-space");class re extends w{constructor(e,t,n){super(t,n),this[ie]={jointName:e,radius:0}}get jointName(){return this[ie].jointName}}const ae=Symbol("@immersive-web-emulation-runtime/xr-pose");class se{constructor(e){let t=arguments.length>1&&void 0!==arguments[1]&&arguments[1],n=arguments.length>2&&void 0!==arguments[2]?arguments[2]:void 0,i=arguments.length>3&&void 0!==arguments[3]?arguments[3]:void 0;this[ae]={transform:e,emulatedPosition:t,linearVelocity:n,angularVelocity:i}}get transform(){return this[ae].transform}get emulatedPosition(){return this[ae].emulatedPosition}get linearVelocity(){return this[ae].linearVelocity}get angularVelocity(){return this[ae].angularVelocity}}const oe=Symbol("@immersive-web-emulation-runtime/xr-joint-pose");class le extends se{constructor(e,t){super(e,arguments.length>2&&void 0!==arguments[2]&&arguments[2],arguments.length>3&&void 0!==arguments[3]?arguments[3]:void 0,arguments.length>4&&void 0!==arguments[4]?arguments[4]:void 0),this[oe]={radius:t}}get radius(){return this[oe].radius}}class ce{constructor(){let e=arguments.length>0&&void 0!==arguments[0]?arguments[0]:0,t=arguments.length>1&&void 0!==arguments[1]?arguments[1]:0,n=arguments.length>2&&void 0!==arguments[2]?arguments[2]:0,i=arguments.length>3&&void 0!==arguments[3]?arguments[3]:1;this.x=e,this.y=t,this.z=n,this.w=i,Object.freeze(this)}static fromPoint(e){return new ce(e.x,e.y,e.z,e.w)}matrixTransform(e){return new ce}toJSON(){return{x:this.x,y:this.y,z:this.z,w:this.w}}}const he="undefined"!==typeof globalThis.DOMPointReadOnly?globalThis.DOMPointReadOnly:ce,ue=Symbol("@immersive-web-emulation-runtime/xr-rigid-transform");class de{constructor(e,t){const n=v(0,0,0),i=R();this[ue]={matrix:a(),position:e?v(e.x,e.y,e.z):n,orientation:t?O(R(),I(t.x,t.y,t.z,t.w)):i,inverse:null},this.updateMatrix()}updateMatrix(){u(this[ue].matrix,this[ue].orientation,this[ue].position)}get matrix(){return this[ue].matrix}get position(){const e=this[ue].position;return new he(e[0],e[1],e[2],1)}get orientation(){const e=this[ue].orientation;return new he(e[0],e[1],e[2],e[3])}get inverse(){if(!this[ue].inverse){const e=a();if(!l(e,this[ue].matrix))throw new Error("Matrix is not invertible.");let t=g();d(t,e);let n=R();f(n,e),this[ue].inverse=new de(new he(t[0],t[1],t[2],1),new he(n[0],n[1],n[2],n[3])),this[ue].inverse[ue].inverse=this}return this[ue].inverse}}const pe=Symbol("@immersive-web-emulation-runtime/xr-viewer-pose");class fe extends se{constructor(e,t){super(e,arguments.length>2&&void 0!==arguments[2]&&arguments[2],arguments.length>3&&void 0!==arguments[3]?arguments[3]:void 0,arguments.length>4&&void 0!==arguments[4]?arguments[4]:void 0),this[pe]={views:Object.freeze(t)}}get views(){return this[pe].views}}const me=Symbol("@immersive-web-emulation-runtime/xr-frame"),ge=a(),ve=a(),_e=a(),xe=(e,t,n)=>{A.calculateGlobalOffsetMatrix(t,ge),A.calculateGlobalOffsetMatrix(n,ve),l(_e,ve),c(e,_e,ge)};class ye{constructor(e,t,n,i,r){this[me]={session:e,id:t,active:n,animationFrame:i,predictedDisplayTime:r,tempMat4:a()}}get session(){return this[me].session}get predictedDisplayTime(){return this[me].predictedDisplayTime}getPose(e,t){if(!this[me].active)throw new DOMException("XRFrame access outside the callback that produced it is invalid.","InvalidStateError");xe(this[me].tempMat4,e,t);const n=g();d(n,this[me].tempMat4);const i=R();return f(i,this[me].tempMat4),new se(new de({x:n[0],y:n[1],z:n[2],w:1},{x:i[0],y:i[1],z:i[2],w:i[3]}),e[E].emulated)}getViewerPose(e){if(!this[me].animationFrame)throw new DOMException("getViewerPose can only be called on XRFrame objects passed to XRSession.requestAnimationFrame callbacks.","InvalidStateError");const t=this[me].session,n=t[Fe].device,i=this.getPose(n.viewerSpace,e),r=t[Fe].mode===Ne.Inline?[te.None]:[te.Left,te.Right],a=[];return r.forEach((i=>{const r=n.viewSpaces[i],s=this.getPose(r,e),o=t[Fe].getProjectionMatrix(i),l=new ne(i,new Float32Array(o),s.transform,t);a.push(l)})),new fe(i.transform,a,!1)}getJointPose(e,t){const n=this.getPose(e,t),i=e[ie].radius;return new le(n.transform,i,!1)}fillJointRadii(e,t){if(e=Array.from(e),!this[me].active)throw new DOMException("XRFrame access outside the callback that produced it is invalid.","InvalidStateError");if(e.length>t.length)throw new DOMException("The length of jointSpaces is larger than the number of elements in radii","TypeError");let n=!0;for(let i=0;i<e.length;i++)e[i][ie].radius?t[i]=e[i][ie].radius:(t[i]=NaN,n=!1);return n}fillPoses(e,t,n){if(e=Array.from(e),!this[me].active)throw new DOMException("XRFrame access outside the callback that produced it is invalid.","InvalidStateError");if(16*e.length>n.length)throw new DOMException("The length of spaces multiplied by 16 is larger than the number of elements in transforms","TypeError");return e.forEach(((e,i)=>{xe(this[me].tempMat4,e,t);for(let t=0;t<16;t++)n[16*i+t]=this[me].tempMat4[t]})),!0}}class Se extends Event{constructor(e,t){if(super(e,t),!t.session)throw new Error("XRInputSourcesChangeEventInit.session is required");if(!t.added)throw new Error("XRInputSourcesChangeEventInit.added is required");if(!t.removed)throw new Error("XRInputSourcesChangeEventInit.removed is required");this.session=t.session,this.added=t.added,this.removed=t.removed}}var Me;const be=Symbol("@immersive-web-emulation-runtime/xr-reference-space");var Ee;!function(e){e.Viewer="viewer",e.Local="local",e.LocalFloor="local-floor",e.BoundedFloor="bounded-floor",e.Unbounded="unbounded"}(Ee||(Ee={}));class we extends w{constructor(e,t,n){super(t,n),this[Me]={type:null,onreset:()=>{}},this[be].type=e}get onreset(){var e;return null!==(e=this[be].onreset)&&void 0!==e?e:()=>{}}set onreset(e){this[be].onreset&&this.removeEventListener("reset",this[be].onreset),this[be].onreset=e,e&&this.addEventListener("reset",e)}getOffsetReferenceSpace(e){return new we(this[be].type,this,e)}}Me=be;const Te=Symbol("@immersive-web-emulation-runtime/xr-render-state");class Ae{constructor(){let e=arguments.length>0&&void 0!==arguments[0]?arguments[0]:{},t=arguments.length>1?arguments[1]:void 0;this[Te]={depthNear:e.depthNear||(null===t||void 0===t?void 0:t.depthNear)||.1,depthFar:e.depthFar||(null===t||void 0===t?void 0:t.depthFar)||1e3,inlineVerticalFieldOfView:e.inlineVerticalFieldOfView||(null===t||void 0===t?void 0:t.inlineVerticalFieldOfView)||null,baseLayer:e.baseLayer||(null===t||void 0===t?void 0:t.baseLayer)||null}}get depthNear(){return this[Te].depthNear}get depthFar(){return this[Te].depthFar}get inlineVerticalFieldOfView(){return this[Te].inlineVerticalFieldOfView}get baseLayer(){return this[Te].baseLayer}}class Re extends Event{constructor(e,t){if(super(e,t),!t.session)throw new Error("XRSessionEventInit.session is required");this.session=t.session}}class Ce extends EventTarget{}const Pe=Symbol("@immersive-web-emulation-runtime/XRWebGLLayer"),Le={antialias:!0,depth:!0,stencil:!1,alpha:!0,ignoreDepthValues:!1,framebufferScaleFactor:1};class Ie extends Ce{constructor(e,t){let n=arguments.length>2&&void 0!==arguments[2]?arguments[2]:{};if(super(),e[Fe].ended)throw new DOMException("Session has ended","InvalidStateError");const i={...Le,...n};this[Pe]={session:e,context:t,antialias:i.antialias}}get context(){return this[Pe].context}get antialias(){return this[Pe].antialias}get ignoreDepthValues(){return!0}get framebuffer(){return null}get framebufferWidth(){return this[Pe].context.drawingBufferWidth}get framebufferHeight(){return this[Pe].context.drawingBufferHeight}getViewport(e){if(e[ee].session!==this[Pe].session)throw new DOMException("View's session differs from Layer's session","InvalidStateError");return this[Pe].session[Fe].device[ht].getViewport(this,e)}static getNativeFramebufferScaleFactor(e){if(!(e instanceof ke))throw new TypeError("getNativeFramebufferScaleFactor must be passed a session.");return e[Fe].ended?0:1}}var De,Ne,Oe,Ue;!function(e){e.Visible="visible",e.VisibleBlurred="visible-blurred",e.Hidden="hidden"}(De||(De={})),function(e){e.Inline="inline",e.ImmersiveVR="immersive-vr",e.ImmersiveAR="immersive-ar"}(Ne||(Ne={})),function(e){e.Opaque="opaque",e.AlphaBlend="alpha-blend",e.Additive="additive"}(Oe||(Oe={})),function(e){e.ScreenSpace="screen-space",e.WorldSpace="world-space"}(Ue||(Ue={}));const Fe=Symbol("@immersive-web-emulation-runtime/xr-session");class ke extends EventTarget{constructor(e,t,n){super(),this[Fe]={device:e,mode:t,renderState:new Ae,pendingRenderState:null,enabledFeatures:n,isSystemKeyboardSupported:!1,ended:!1,projectionMatrices:{[te.Left]:a(),[te.Right]:a(),[te.None]:a()},getProjectionMatrix:e=>this[Fe].projectionMatrices[e],referenceSpaceIsSupported:e=>{if(!this[Fe].enabledFeatures.includes(e))return!1;switch(e){case Ee.Viewer:return!0;case Ee.Local:case Ee.LocalFloor:case Ee.BoundedFloor:case Ee.Unbounded:return this[Fe].mode!=Ne.Inline}},frameHandle:0,frameCallbacks:[],currentFrameCallbacks:null,onDeviceFrame:()=>{if(this[Fe].ended)return;this[Fe].deviceFrameHandle=globalThis.requestAnimationFrame(this[Fe].onDeviceFrame),null!=this[Fe].pendingRenderState&&(this[Fe].renderState=this[Fe].pendingRenderState,this[Fe].pendingRenderState=null,this[Fe].device[ht].onBaseLayerSet(this[Fe].renderState.baseLayer));const e=this[Fe].renderState.baseLayer;if(null===e)return;const t=e.context,n=t.canvas;if(this[Fe].mode!=Ne.Inline){const e=t.getParameter(t.COLOR_CLEAR_VALUE),n=t.getParameter(t.DEPTH_CLEAR_VALUE),i=t.getParameter(t.STENCIL_CLEAR_VALUE);t.clearColor(0,0,0,0),t.clearDepth(1),t.clearStencil(0),t.clear(t.DEPTH_BUFFER_BIT|t.COLOR_BUFFER_BIT|t.STENCIL_BUFFER_BIT),t.clearColor(e[0],e[1],e[2],e[3]),t.clearDepth(n),t.clearStencil(i)}const{depthNear:i,depthFar:r}=this[Fe].renderState,{width:a,height:s}=n;if(this[Fe].mode!==Ne.Inline){const e=a*(this[Fe].device.stereoEnabled?.5:1)/s;m(this[Fe].projectionMatrices[te.Left],this[Fe].device.fovy,e,i,r),o(this[Fe].projectionMatrices[te.Right],this[Fe].projectionMatrices[te.Left])}else{const e=a/s;m(this[Fe].projectionMatrices[te.None],this[Fe].renderState.inlineVerticalFieldOfView,e,i,r)}const l=new ye(this,this[Fe].frameHandle,!0,!0,performance.now());this[Fe].device[ht].onFrameStart(l),this[Fe].updateActiveInputSources();const c=this[Fe].currentFrameCallbacks=this[Fe].frameCallbacks;this[Fe].frameCallbacks=[];const h=performance.now();for(let o=0;o<c.length;o++)try{c[o].cancelled||c[o].callback(h,l)}catch(u){console.error(u)}this[Fe].currentFrameCallbacks=null,l[me].active=!1},nominalFrameRate:e.internalNominalFrameRate,referenceSpaces:[],inputSourceArray:[],activeInputSources:[],updateActiveInputSources:()=>{const e=this[Fe].enabledFeatures.includes(ct.HandTracking),t=this[Fe].activeInputSources,n=this[Fe].device.inputSources.filter((t=>!t.hand||e)),i=n.filter((e=>!t.includes(e))),r=t.filter((e=>!n.includes(e)));this[Fe].activeInputSources=n,(i.length>0||r.length>0)&&this.dispatchEvent(new Se("inputsourceschange",{session:this,added:i,removed:r}))},onend:null,oninputsourceschange:null,onselect:null,onselectstart:null,onselectend:null,onsqueeze:null,onsqueezestart:null,onsqueezeend:null,onvisibilitychange:null,onframeratechange:null},this[Fe].onDeviceFrame()}get visibilityState(){return this[Fe].device.visibilityState}get frameRate(){return this[Fe].nominalFrameRate}get supportedFrameRates(){return new Float32Array(this[Fe].device.supportedFrameRates)}get renderState(){return this[Fe].renderState}get inputSources(){return this[Fe].inputSourceArray.length=0,this[Fe].ended||this[Fe].mode===Ne.Inline||this[Fe].inputSourceArray.push(...this[Fe].activeInputSources),this[Fe].inputSourceArray}get enabledFeatures(){return this[Fe].enabledFeatures}get isSystemKeyboardSupported(){return this[Fe].isSystemKeyboardSupported}get environmentBlendMode(){var e;return null!==(e=this[Fe].device[ht].environmentBlendModes[this[Fe].mode])&&void 0!==e?e:Oe.Opaque}get interactionMode(){return this[Fe].device[ht].interactionMode}updateRenderState(){let e=arguments.length>0&&void 0!==arguments[0]?arguments[0]:{};var t,n,i,r;if(this[Fe].ended)throw new DOMException("XRSession has already ended.","InvalidStateError");if(e.baseLayer&&e.baseLayer[Pe].session!==this)throw new DOMException("Base layer was created by a different XRSession","InvalidStateError");if(null!=e.inlineVerticalFieldOfView&&this[Fe].mode!==Ne.Inline)throw new DOMException("InlineVerticalFieldOfView must not be set for an immersive session","InvalidStateError");const a={baseLayer:e.baseLayer||(null===(t=this[Fe].pendingRenderState)||void 0===t?void 0:t.baseLayer)||void 0,depthFar:e.depthFar||(null===(n=this[Fe].pendingRenderState)||void 0===n?void 0:n.depthFar)||void 0,depthNear:e.depthNear||(null===(i=this[Fe].pendingRenderState)||void 0===i?void 0:i.depthNear)||void 0,inlineVerticalFieldOfView:e.inlineVerticalFieldOfView||(null===(r=this[Fe].pendingRenderState)||void 0===r?void 0:r.inlineVerticalFieldOfView)||void 0};this[Fe].pendingRenderState=new Ae(a,this[Fe].renderState)}async updateTargetFrameRate(e){return new Promise(((t,n)=>{this[Fe].ended?n(new DOMException("XRSession has already ended.","InvalidStateError")):this[Fe].device.supportedFrameRates.includes(e)?(this[Fe].nominalFrameRate===e?console.log("Requested frame rate is the same as the current nominal frame rate, no update made"):(this[Fe].nominalFrameRate=e,this.dispatchEvent(new Re("frameratechange",{session:this})),console.log(`Nominal frame rate updated to ${e}`)),t()):n(new DOMException("Requested frame rate not supported.","InvalidStateError"))}))}async requestReferenceSpace(e){return new Promise(((t,n)=>{if(this[Fe].ended||!this[Fe].referenceSpaceIsSupported(e))return void n(new DOMException("The requested reference space type is not supported.","NotSupportedError"));let i;switch(e){case Ee.Viewer:i=this[Fe].device.viewerSpace;break;case Ee.Local:i=new we(e,this[Fe].device[ht].globalSpace,this[Fe].device.viewerSpace[E].offsetMatrix);break;case Ee.LocalFloor:case Ee.BoundedFloor:case Ee.Unbounded:i=new we(e,this[Fe].device[ht].globalSpace)}this[Fe].referenceSpaces.push(i),t(i)}))}requestAnimationFrame(e){if(this[Fe].ended)return 0;const t=++this[Fe].frameHandle;return this[Fe].frameCallbacks.push({handle:t,callback:e,cancelled:!1}),t}cancelAnimationFrame(e){let t=this[Fe].frameCallbacks,n=t.findIndex((t=>t&&t.handle===e));n>-1&&(t[n].cancelled=!0,t.splice(n,1)),t=this[Fe].currentFrameCallbacks,t&&(n=t.findIndex((t=>t&&t.handle===e)),n>-1&&(t[n].cancelled=!0))}async end(){return new Promise(((e,t)=>{this[Fe].ended||null===this[Fe].deviceFrameHandle?t(new DOMException("XRSession has already ended.","InvalidStateError")):(globalThis.cancelAnimationFrame(this[Fe].deviceFrameHandle),this[Fe].device[ht].onSessionEnd(),this.dispatchEvent(new Re("end",{session:this})),e())}))}get onend(){var e;return null!==(e=this[Fe].onend)&&void 0!==e?e:()=>{}}set onend(e){this[Fe].onend&&this.removeEventListener("end",this[Fe].onend),this[Fe].onend=e,e&&this.addEventListener("end",e)}get oninputsourceschange(){var e;return null!==(e=this[Fe].oninputsourceschange)&&void 0!==e?e:()=>{}}set oninputsourceschange(e){this[Fe].oninputsourceschange&&this.removeEventListener("inputsourceschange",this[Fe].oninputsourceschange),this[Fe].oninputsourceschange=e,e&&this.addEventListener("inputsourceschange",e)}get onselect(){var e;return null!==(e=this[Fe].onselect)&&void 0!==e?e:()=>{}}set onselect(e){this[Fe].onselect&&this.removeEventListener("select",this[Fe].onselect),this[Fe].onselect=e,e&&this.addEventListener("select",e)}get onselectstart(){var e;return null!==(e=this[Fe].onselectstart)&&void 0!==e?e:()=>{}}set onselectstart(e){this[Fe].onselectstart&&this.removeEventListener("selectstart",this[Fe].onselectstart),this[Fe].onselectstart=e,e&&this.addEventListener("selectstart",e)}get onselectend(){var e;return null!==(e=this[Fe].onselectend)&&void 0!==e?e:()=>{}}set onselectend(e){this[Fe].onselectend&&this.removeEventListener("selectend",this[Fe].onselectend),this[Fe].onselectend=e,e&&this.addEventListener("selectend",e)}get onsqueeze(){var e;return null!==(e=this[Fe].onsqueeze)&&void 0!==e?e:()=>{}}set onsqueeze(e){this[Fe].onsqueeze&&this.removeEventListener("squeeze",this[Fe].onsqueeze),this[Fe].onsqueeze=e,e&&this.addEventListener("squeeze",e)}get onsqueezestart(){var e;return null!==(e=this[Fe].onsqueezestart)&&void 0!==e?e:()=>{}}set onsqueezestart(e){this[Fe].onsqueezestart&&this.removeEventListener("squeezestart",this[Fe].onsqueezestart),this[Fe].onsqueezestart=e,e&&this.addEventListener("squeezestart",e)}get onsqueezeend(){var e;return null!==(e=this[Fe].onsqueezeend)&&void 0!==e?e:()=>{}}set onsqueezeend(e){this[Fe].onsqueezeend&&this.removeEventListener("squeezeend",this[Fe].onsqueezeend),this[Fe].onsqueezeend=e,e&&this.addEventListener("squeezeend",e)}get onvisibilitychange(){var e;return null!==(e=this[Fe].onvisibilitychange)&&void 0!==e?e:()=>{}}set onvisibilitychange(e){this[Fe].onvisibilitychange&&this.removeEventListener("visibilitychange",this[Fe].onvisibilitychange),this[Fe].onvisibilitychange=e,e&&this.addEventListener("visibilitychange",e)}get onframeratechange(){var e;return null!==(e=this[Fe].onframeratechange)&&void 0!==e?e:()=>{}}set onframeratechange(e){this[Fe].onframeratechange&&this.removeEventListener("frameratechange",this[Fe].onframeratechange),this[Fe].onframeratechange=e,e&&this.addEventListener("frameratechange",e)}}var ze;!function(e){e.Wrist="wrist",e.ThumbMetacarpal="thumb-metacarpal",e.ThumbPhalanxProximal="thumb-phalanx-proximal",e.ThumbPhalanxDistal="thumb-phalanx-distal",e.ThumbTip="thumb-tip",e.IndexFingerMetacarpal="index-finger-metacarpal",e.IndexFingerPhalanxProximal="index-finger-phalanx-proximal",e.IndexFingerPhalanxIntermediate="index-finger-phalanx-intermediate",e.IndexFingerPhalanxDistal="index-finger-phalanx-distal",e.IndexFingerTip="index-finger-tip",e.MiddleFingerMetacarpal="middle-finger-metacarpal",e.MiddleFingerPhalanxProximal="middle-finger-phalanx-proximal",e.MiddleFingerPhalanxIntermediate="middle-finger-phalanx-intermediate",e.MiddleFingerPhalanxDistal="middle-finger-phalanx-distal",e.MiddleFingerTip="middle-finger-tip",e.RingFingerMetacarpal="ring-finger-metacarpal",e.RingFingerPhalanxProximal="ring-finger-phalanx-proximal",e.RingFingerPhalanxIntermediate="ring-finger-phalanx-intermediate",e.RingFingerPhalanxDistal="ring-finger-phalanx-distal",e.RingFingerTip="ring-finger-tip",e.PinkyFingerMetacarpal="pinky-finger-metacarpal",e.PinkyFingerPhalanxProximal="pinky-finger-phalanx-proximal",e.PinkyFingerPhalanxIntermediate="pinky-finger-phalanx-intermediate",e.PinkyFingerPhalanxDistal="pinky-finger-phalanx-distal",e.PinkyFingerTip="pinky-finger-tip"}(ze||(ze={}));class Be extends Map{}const Ve={profileId:"oculus-hand",fallbackProfileIds:["generic-hand","generic-hand-select","generic-trigger"],poses:{default:{jointTransforms:{wrist:{offsetMatrix:[.9616971015930176,-.13805118203163147,.2368120402097702,0,.0005348679260350764,.8648636937141418,.5020061135292053,0,-.2741127610206604,-.48265108466148376,.8318111300468445,0,-.04913589730858803,.0021463718730956316,.11701996624469757,1],radius:.021460847929120064},"thumb-metacarpal":{offsetMatrix:[-.07536252588033676,-.9959676265716553,-.04867160692811012,0,.5877083539962769,-.08379616588354111,.8047218918800354,0,-.8055551648139954,.032041035592556,.5916536450386047,0,-.010643752291798592,.0006936835707165301,.08736639469861984,1],radius:.019382517784833908},"thumb-phalanx-proximal":{offsetMatrix:[.1374533325433731,-.9904957413673401,.004982374142855406,0,.5534393787384033,.08097179979085922,.8289443850517273,0,-.8214688897132874,-.11118389666080475,.559309184551239,0,.015547193586826324,-.0003480653394944966,.0681300163269043,1],radius:.01228295173496008},"thumb-phalanx-distal":{offsetMatrix:[-.04659227654337883,-.9974699020385742,-.05369402840733528,0,.6812446117401123,-.07104194164276123,.728600800037384,0,-.7305715084075928,-.002631746232509613,.6828309893608093,0,.04330715537071228,.003409178927540779,.0492292083799839,1],radius:.009768804535269737},"thumb-tip":{offsetMatrix:[-.04659227654337883,-.9974699020385742,-.05369402840733528,0,.6812446117401123,-.07104194164276123,.728600800037384,0,-.7305715084075928,-.002631746232509613,.6828309893608093,0,.062003348022699356,.004069602582603693,.03322213143110275,1],radius:.008768804371356964},"index-finger-metacarpal":{offsetMatrix:[.9616971015930176,-.13805118203163147,.2368120402097702,0,.0005348679260350764,.8648636937141418,.5020061135292053,0,-.2741127610206604,-.48265108466148376,.8318111300468445,0,-.02009812369942665,.008770795539021492,.08660387247800827,1],radius:.021228281781077385},"index-finger-phalanx-proximal":{offsetMatrix:[.9001791477203369,-.2598813474178314,.3494834005832672,0,.06073702871799469,.8695210218429565,.490146666765213,0,-.4312632381916046,-.41999316215515137,.7985095381736755,0,-.00017739279428496957,.03890012577176094,.039073407649993896,1],radius:.010295259766280651},"index-finger-phalanx-intermediate":{offsetMatrix:[.9082008600234985,-.20898112654685974,.36262574791908264,0,.11045389622449875,.9553793668746948,.27395179867744446,0,-.40369608998298645,-.20874978601932526,.8907597661018372,0,.01617925800383091,.05482936650514603,.008788082748651505,1],radius:.00853810179978609},"index-finger-phalanx-distal":{offsetMatrix:[.9309692978858948,-.16783711314201355,.32423174381256104,0,.1080828532576561,.9749603867530823,.1943446695804596,0,-.34873148798942566,-.14588497579097748,.9257990717887878,0,.02599053829908371,.059902746230363846,-.012860597111284733,1],radius:.007636196445673704},"index-finger-tip":{offsetMatrix:[.9309692978858948,-.16783711314201355,.32423174381256104,0,.1080828532576561,.9749603867530823,.1943446695804596,0,-.34873148798942566,-.14588497579097748,.9257990717887878,0,.03362493962049484,.06421422213315964,-.033461250364780426,1],radius:.006636196281760931},"middle-finger-metacarpal":{offsetMatrix:[.9616971015930176,-.13805118203163147,.2368120402097702,0,.0005348679260350764,.8648636937141418,.5020061135292053,0,-.2741127610206604,-.48265108466148376,.8318111300468445,0,-.03627845644950867,.011579737067222595,.08550142496824265,1],radius:.021231964230537415},"middle-finger-phalanx-proximal":{offsetMatrix:[.9876697659492493,-.06786545366048813,.1410750150680542,0,-.015095947310328484,.855663537979126,.5173118710517883,0,-.15582047402858734,-.5130629539489746,.8440889716148376,0,-.021259509027004242,.04587256908416748,.03659208118915558,1],radius:.01117393933236599},"middle-finger-phalanx-intermediate":{offsetMatrix:[.988391637802124,-.04354291781783104,.14555205404758453,0,.008894841186702251,.9729899168014526,.23067504167556763,0,-.15166506171226501,-.22670257091522217,.9620829224586487,0,-.014570588245987892,.06789684295654297,.0003578895702958107,1],radius:.008030958473682404},"middle-finger-phalanx-distal":{offsetMatrix:[.9853697419166565,.044260796159505844,.16458062827587128,0,-.0757969319820404,.9787378311157227,.19059516489505768,0,-.1526455283164978,-.20028135180473328,.9677740931510925,0,-.010392282158136368,.07414241135120392,-.026147106662392616,1],radius:.007629410829395056},"middle-finger-tip":{offsetMatrix:[.9853697419166565,.044260796159505844,.16458062827587128,0,-.0757969319820404,.9787378311157227,.19059516489505768,0,-.1526455283164978,-.20028135180473328,.9677740931510925,0,-.0069718430750072,.08024183660745621,-.05014154314994812,1],radius:.006629410665482283},"ring-finger-metacarpal":{offsetMatrix:[.9616971015930176,-.13805118203163147,.2368120402097702,0,.0005348679260350764,.8648636937141418,.5020061135292053,0,-.2741127610206604,-.48265108466148376,.8318111300468445,0,-.05402477830648422,.015797706320881844,.08152295649051666,1],radius:.019088275730609894},"ring-finger-phalanx-proximal":{offsetMatrix:[.9940828680992126,.05735103040933609,.09224652498960495,0,-.10022822767496109,.8116500377655029,.5754809379577637,0,-.041867565363645554,-.5813214182853699,.8125960826873779,0,-.041623555123806,.04171867296099663,.03582974523305893,1],radius:.00992213748395443},"ring-finger-phalanx-intermediate":{offsetMatrix:[.9843675494194031,.12044742703437805,.12850022315979004,0,-.15629759430885315,.9337108135223389,.3221098482608795,0,-.08118485659360886,-.3371586799621582,.937940776348114,0,-.039990875869989395,.06438793987035751,.004141641780734062,1],radius:.007611672393977642},"ring-finger-phalanx-distal":{offsetMatrix:[.9748351573944092,.11857274919748306,.18877571821212769,0,-.15575434267520905,.9681083559989929,.19623035192489624,0,-.15948788821697235,-.22069483995437622,.9622148275375366,0,-.03783353418111801,.07334739714860916,-.020782606676220894,1],radius:.007231088820844889},"ring-finger-tip":{offsetMatrix:[.9748351573944092,.11857274919748306,.18877571821212769,0,-.155754342675209